0.21891993 9 0.003 0
-0.45077533 8.9 0.004 0
0.16649307 8.7 0.011 0
0.25271754 8.6 0.004 0
0.25061739 8.5 0.004 0
1.10803324 8.4 0 0
-0.06733903 8.3 0.003 0
0.27851982 8.2 0.006 0
0.37788818 8 0.004 0
0.37479919 7.9 0.004 0
1.12198557 7.7 0.001 0
-0.61455247 7.6 0.003 0
0.36818366 7.4 0.004 0
-0.57691609 7.3 0.004 0
0.32351528 7.2 0.013 0
-0.36914786 7.2 0.007 0
0.45896403 7.1 0.003 0
1.02246723 7.1 -0.001 0
-0.33396872 7.1 0.003 0
0.93511012 7 0.007 0
0.40417484 7 0.007 0
-0.04423934 7 0.004 0
-0.2297241 6.9 0.001 0
0.49906829 6.9 0.005 0
0.01080663 6.9 0.006 0
-0.29853746 6.9 0.004 0
0.03707377 6.9 0.019 0
-0.03017148 6.9 0.01 0
0.79304263 7 0.002 0
0.59040411 7.1 -0.001 0
-0.4093591 7.2 0.01 0
-0.25481765 7.3 0.011 0
-0.08688701 7.5 0.007 0
0.74412326 7.6 0.001 0
0.35928144 7.8 0 0
0.21554014 8 -0.001 0
-0.11904659 8.2 0.006 0
-0.64082057 8.5 0.004 0
-1.28511754 8.7 0.033 0
0.1511573 8.8 0.007 0
-0.10262311 9 0.006 0
0.60813065 9.2 -0.003 0
0.43724399 9.3 0.005 0
-0.1072432 9.4 0.006 0
-0.01758788 9.5 0.004 0
0.63008911 9.5 0.003 0
-0.31232425 9.6 0.001 0
0.93907358 9.7 -0.003 0
0.08858504 9.8 0.004 0
-0.00136257 9.8 0.006 0
-1.2101446 9.8 0.011 0
0.39704367 9.9 0.003 0
0.32822757 9.9 0 0
0.57037055 9.9 -0.004 0
0.10989011 10.1 0 0
0.28333113 10.3 0.003 0
0.17230494 10.4 0.003 0
-0.19726848 10.6 0.001 0
0.23889114 10.7 0.001 0
0.53247908 10.6 -0.007 0
-0.42354662 10.6 0.007 0
-0.98074621 10.5 0.005 0
-0.00069674 10.4 0.011 0
-0.02161925 10.4 0.004 0
-0.02132191 10.3 -0.001 0
0.90039025 10.3 -0.003 0
-0.23872682 10.3 0.004 0
-0.13042734 10.2 0.004 0
0.29846022 10.2 -0.001 0
0.59882956 10.3 -0.002 0
-0.17329765 10.1 0.002 0
0.5610111 9.9 -0.004 0
0.09650581 9.8 0.005 0
-0.36631604 9.8 0.003 0
-0.79048569 9.7 0.008 0
0.47923358 9.6 0.003 0
0.41884817 9.5 0 0
0.62176223 9.4 -0.006 0
-0.0120396 9.3 0.005 0
-0.08616242 9.1 0.001 0
0.50544964 9 -0.001 0
0.01811057 8.9 0.001 0
-0.13648598 8.9 0.004 0
0.20855058 8.9 0 0
-0.1362184 8.8 0.004 0
-0.11703698 8.8 0.005 0
-0.5084681 8.7 0.006 0
-0.21467239 8.7 0.005 0
0.10214504 8.6 0 0
0.52320497 8.6 -0.005 0
-0.21676983 8.6 0.005 0
-0.11294086 8.6 0.005 0
0.5745699 8.3 -0.002 0
0.20366599 8.4 0 0
-0.40217849 8.3 0.006 0
0.4542839 8.2 -0.003 0
0.06898215 8.3 0.004 0
-0.31696753 8.3 0.005 0
-0.01349438 8.2 0.005 0
-0.24755294 8.2 0.003 0
0.31661503 8 0.001 0
0.88279338 8 -0.007 0
-0.20140442 8 0.006 0
0.28086826 8 0.005 0
-0.01618887 7.8 -0.001 0
0.2147986 7.7 0.001 0
0.14679422 7.5 0.003 0
0.63244297 7.3 -0.004 0
-0.26724574 7.2 0.002 0
0.63968961 7.2 0.003 0
-0.54752749 7.2 0.003 0
0.04567325 7.3 0.003 1
-0.05263462 7.1 0.003 1
0.92326695 6.8 -0.004 1
-0.01232723 6.7 0.006 1
0.23779295 6.6 0.003 1
0.29268292 6.5 0 1
0.40355632 6.4 0.001 1
0.40277042 6.4 0.001 1
0.60778186 6.4 -0.006 1
-0.06064061 6.3 0.003 1
0.42656859 6.3 0.003 1
0.07126085 6.3 0.006 1
0.05875474 6.3 0.005 1
-0.39743369 6.3 -0.001 1
1.47893602 6.2 -0.006 1
-0.34374019 6.2 0.004 1
0.15096618 6.2 0.005 1
0.27791145 6.1 -0.001 1
0.20285778 6.2 0.001 1
-0.25665609 6.2 0.003 1
0.80409322 6.2 -0.006 1
0.40466178 6.1 0.002 1
-0.04876852 6.1 0.005 1
-0.14363251 6 0.005 1
0.3137154 6 0.003 1
0.56165955 5.9 -0.001 1
0.89661005 5.9 -0.007 1
0.03144102 5.8 0.004 1
0.03120193 5.8 0.004 1
0.75340161 5.8 -0.001 1
0.10906268 5.9 0.002 1
0.77215629 5.8 0.002 1
1.08573891 5.8 -0.01 1
-0.4558454 5.7 0.004 1
0.01124718 5.6 0.002 1
-0.54635396 5.5 0.004 1
-0.08241155 5.3 0.002 1
0.20118586 5.2 0.002 1
0.72900036 5.3 -0.005 1
0.75901328 5.4 0 1
-0.34019804 5.3 0.008 1
0.65487379 5.2 -0.001 1
0.29471062 5.2 0.003 1
1.31578948 5.2 0 1
0.92112396 5.1 -0.009 1
0.10026228 5 0.003 1
-0.55837079 4.9 0.004 1
-0.26738228 5 0.006 1
-0.63093655 5 0.007 1
0.09906934 5.1 0.002 1
0.91113363 5.1 -0.007 1
0.00871812 5.1 0.004 1
-0.08644076 5.1 0.003 1
0.36793975 5.2 -0.002 1
0.36931265 5.2 -0.002 1
0.28375564 5.1 0.003 1
0.64838339 5.1 -0.004 1
0.46737552 5.2 0.002 1
-1.11316773 5.2 0.004 1
1.20774378 5.2 0.004 1
-0.27624073 5.2 0.003 1
0.18450184 5.2 0 1
0.64678057 5.3 -0.003 1
-0.2777769 5.2 0.003 1
-0.0002546 5.2 0.003 1
0.1834858 5.1 0.002 1
0.5509642 5 0 1
-0.4604811 5.1 0.004 1
0.8310882 5.1 -0.006 1
-0.096136 5.1 0.004 1
-0.0040253 5 0.004 1
-0.1853151 5 0.003 1
0.5469462 5.1 0 1
0.2750534 5 -0.001 1
1.0974736 5 -0.001 1
-0.6472467 5 0.004 1
0.2662872 4.9 0.003 1
-0.0044385 4.9 0.002 1
0.6368501 4.8 -0.001 1
-0.4628094 4.8 0.004 1
4.3739492 4.8 -0.005 1
-3.279874 4.8 0.003 1
0.5357798 4.8 0.002 1
-0.1054038 4.8 0.004 1
-0.1944134 4.8 0.004 1
0.3629378 4.7 -0.001 1
0.4621063 4.6 -0.003 1
0.2566717 4.7 0.003 1
0.2647833 4.7 0.001 1
0.1648266 4.7 0.003 1
