213000
207000
270000
268000
295000
325000
301000
340000
302000
295000
263000
245000
218000
201000
270000
279000
308000
324000
304000
340000
262000
268000
236000
210000
176000
182000
243000
287000
328000
331000
314000
315000
266000
268000
239000
237000
198000
207000
276000
309000
316000
343000
326000
319000
293000
310000
281000
301000
213000
204000
272000
308000
328000
379000
368000
383000
338000
330000
325000
339000
239000
225000
320000
356000
385000
404000
359000
392000
330000
313000
295000
299000
217000
207000
289000
286000
352000
397000
368000
427000
353000
353000
326000
311000
239000
238000
318000
376000
418000
405000
417000
433000
345000
362000
325000
321000
250000
243000
313000
364000
413000
425000
432000
448000
387000
406000
339000
362000
265000
276000
385000
427000
460000
508000
507000
490000
421000
431000
386000
414000
291000
293000
411000
455000
476000
564000
532000
533000
434000
420000
395000
401000
283000
310000
420000
430000
489000
542000
488000
530000
439000
432000
407000
382000
294000
304000
437000
450000
504000
558000
529000
559000
416000
438000
402000
404000
340000
340000
435000
493000
537000
538000
536000
540000
451000
476000
428000
453000
347000
345000


