8.45 7.92 7.92 8.5 7.91
8.96 7.86 7.86 8.5 7.92
9.3 7.82 7.74 8.5 7.9
9.04 7.89 7.69 8.5 7.91
9.21 7.77 7.65 8.5 7.97
9.18 7.36 7.35 8.5 7.97
9.39 6.83 7.15 8.5 7.93
8.41 6.84 7.1 8.5 7.83
8.32 6.89 6.95 8.5 7.79
7.71 6.8 7.02 8.5 7.8
7.82 6.78 7.25 8.5 7.88
7.45 6.31 7.03 8.43 7.92
7.93 6.33 7.04 8 7.85
7.68 6.39 7.15 8 7.8
8.02 6.36 7.21 8 7.82
8.21 6.51 7.46 8 7.83
8.43 6.74 7.73 8 7.92
8.46 6.94 7.88 8 7.99
7.96 6.74 7.82 8 8.09
7.84 6.72 7.83 8 8.16
7.64 6.94 8.06 8 8.21
7.84 6.87 7.86 8 8.3
7.98 6.78 7.86 8 8.42
7.8 6.73 7.93 8 8.55
7.21 6.64 7.84 8 8.6
7.23 6.43 7.72 8 8.6
7.34 6.61 7.5 8 8.55
7.59 6.53 7.52 8 8.49
7.16 6.38 7.45 8 8.4
6.89 6.34 7.36 8 8.26
6.93 6.43 7.39 8 8.17
6.82 6.51 7.5 8 8.1
6.64 6.5 7.66 8 8.12
6.34 6.28 7.53 8 8.13
6.46 6.33 7.48 8 8.13
6.64 6.37 7.5 8 8.13
6.46 6.33 7.47 8 8.09
5.84 5.93 7.29 7.79 8.06
6.05 5.81 7.29 7.5 8.05
6.36 5.95 7.26 7.5 8.02
6.21 6.02 7.26 7.5 8.01
6.18 5.89 7.35 7.5 8.03
6.11 5.81 7.43 7.5 8.07
6.07 5.74 7.28 7.5 8.09
5.8 5.49 7.12 7.5 8.07
5.7 5.34 6.96 7.25 8.05
5.16 5 6.49 7.14 8.02
5.5 5.04 6.47 7 7.85
4.91 4.94 6.28 7 7.78
5.07 4.82 6.3 7 7.59
4.84 4.79 6.43 6.93 7.51
4.82 4.87 6.54 6.75 7.48
3.82 4.87 6.48 6.71 7.45
4.27 4.68 6.38 6.5 7.42
4.13 4.28 6.18 6.18 7.36
4.23 4.19 6.07 6 7.19
4.09 4.13 6.1 6 7.1
3.59 3.83 6.09 6 7.06
4.14 3.62 6.1 5.93 7.07
3.46 3.48 6.14 5.75 7.1
3.41 3.37 6.1 5.75 7.13
3.29 3.32 5.95 5.75 7.2
3.93 3.32 5.68 5.38 7.26
3.7 3.37 5.45 5.27 7.25
4.02 3.51 5.5 5.25 7.22
3.98 3.71 5.6 5.25 7.23
4.2 3.99 5.71 5.25 7.24
4.27 3.84 5.9 5.25 7.24
4.14 3.88 6 5.36 7.3
4.41 3.92 6.16 5.38 7.43
4.59 3.85 6.27 5.41 7.48
4.55 4.26 6.56 5.5 7.57
4.68 4.4 6.46 5.5 7.66
4.82 4.33 6.33 5.5 7.69
4.77 4.43 6.32 5.5 7.66
4.89 4.85 6.6 5.5 7.63
4.96 4.9 6.6 5.5 7.62
5.07 5.01 6.65 5.5 7.63
5.18 5.37 6.68 5.61 7.65
5.13 5.35 6.63 6 7.64
5.46 5.47 6.67 6 7.63
5.38 5.43 6.87 6 7.66
5.57 5.31 6.88 6 7.69
5.59 5.3 6.87 6 7.71
5.59 4.95 6.51 6 7.49
5.48 4.65 6.39 6 7.5
5.59 4.54 6.3 6 7.45
5.73 4.56 6.11 6 7.42
5.59 4.76 6.16 6 7.44
5.46 4.76 6.16 6 7.44
5.43 4.71 6.14 6 7.46
5.32 4.54 5.99 6 7.44
5.29 4.5 5.91 6 7.42
5.14 4.46 5.92 5.96 7.37
5.11 4.42 5.9 5.75 7.31
5.16 4.27 5.82 5.75 7.25
4.93 4.17 5.76 5.5 7.24
4.88 4.15 5.77 5.5 7.27
4.86 4.25 5.84 5.5 7.28
4.68 4.35 5.94 5.5 7.27
4.59 4.15 5.9 5.5 7.24
4.2 4.07 5.93 5.5 7.23
3.89 4.06 5.97 5.5 7.22
4.05 3.78 5.91 5.5 7.22
3.57 3.7 5.91 5.29 7.19
3.71 3.27 5.88 5.25 7.17
3.54 3.24 5.9 5.25 7.16
3.43 3.46 6 5.14 7.21
3.23 3.4 6.08 4.89 7.25
3.25 3.21 6.1 4.75 7.29
3.43 3.03 6.1 4.75 7.28
3.34 3.12 6.06 4.75 7.26
3.18 3.37 6.05 4.75 7.25
3.43 3.52 6.02 4.75 7.24
3.88 3.76 6.06 4.75 7.22
3.91 3.86 6.08 4.75 7.24
4.09 3.81 6.11 4.75 7.24
4.16 3.82 6.16 4.79 7.25
4.18 3.8 6.18 5 7.28
4.04 3.77 6.24 5 7.33
4.2 3.53 6.2 5 7.36
4.25 3.61 6.14 5 7.34
4.2 3.53 6.18 5 7.32
4.32 3.68 6.16 5 7.3
4.24 3.81 6.08 5 7.27
4.38 3.78 6.05 5 7.23
4.48 3.86 6.1 5 7.24
4.46 3.85 6.11 5 7.25
4.39 3.94 6.09 5 7.23
4.49 3.97 6.11 5.11 7.21
4.61 4.06 6.14 5.25 7.2
4.62 4.06 6.13 5.25 7.2
4.46 3.96 6.1 5.25 7.2
4.54 3.96 6.09 5.25 7.22
4.56 3.82 6.13 5.25 7.22
4.69 3.84 6.15 5.25 7.2
4.87 3.88 6.16 5.25 7.19
4.75 4.01 6.21 5.25 7.17
4.9 4.33 6.31 5.32 7.16
4.89 4.62 6.45 5.5 7.19
4.69 4.72 6.54 5.5 7.23
4.93 4.66 6.56 5.5 7.23
4.99 4.65 6.6 5.5 7.24
5.15 4.6 6.54 5.54 7.23
5.09 4.74 6.5 5.75 7.22
4.91 4.81 6.49 5.75 7.21
5.01 4.74 6.46 5.75 7.19
5.06 4.74 6.41 5.75 7.18
5.25 4.71 6.3 5.75 7.16
4.89 4.74 6.27 5.75 7.12
4.97 4.79 6.25 5.75 7.09
5.03 4.87 6.28 5.75 7.07
5.17 4.94 6.3 5.75 7.05
5.29 5.05 6.33 5.75 7.08
5.38 5.12 6.38 5.75 7.1
5.34 5.13 6.4 5.79 7.11
5.61 5.16 6.42 6 7.11
5.66 5.15 6.42 6 7.12
5.86 5.29 6.44 6 7.15
6.03 5.58 6.48 6 7.18
6.35 5.7 6.53 6 7.2
6.21 5.68 6.63 6 7.22
6.58 5.45 6.63 6 7.23
6.79 5.49 6.64 6 7.22
6.75 5.72 6.64 6.07 7.25
7.02 5.83 6.67 6.25 7.27
7.13 5.92 6.69 6.25 7.29
6.96 6.25 6.75 6.25 7.31
7.11 6.28 6.73 6.36 7.31
7.18 6.44 6.72 6.5 7.27
6.84 6.26 6.65 6.5 7.25
7.23 6.18 6.64 6.54 7.25
7.14 6.22 6.68 6.75 7.27
7.43 6.24 6.71 6.75 7.26
7.6 6.1 6.79 6.86 7.26
7.81 6.15 6.83 7 7.29
8.06 6.44 6.88 7 7.32
7.95 6.74 6.92 7.21 7.35
8.43 7.03 6.94 7.25 7.36
8.17 7.09 6.87 7.46 7.36
8.55 7.22 6.87 7.5 7.38
8.59 7.24 6.92 7.61 7.4
10.21 7.69 6.97 7.82 7.41
9.52 7.87 7.04 8.11 7.44
10.22 7.85 7.06 8.29 7.45
10.58 8.14 7.17 8.5 7.48
10.57 8.28 7.4 8.61 7.53
10.39 8.48 7.54 8.86 7.61
10.39 8.89 7.49 9.11 7.71
10.52 8.81 7.36 9.29 7.77
10.79 8.59 7.27 9.57 7.73
10.79 8.69 7.21 9.75 7.64
10.74 8.95 7.15 9.75 7.63
10.8 8.71 7.15 9.82 7.65
10.84 7.53 7.01 10 7.6
10.72 7.22 6.91 10 7.59
9.87 7.3 6.82 10 7.56
10.07 7.19 6.79 10 7.58
9.98 7.06 6.79 9.96 7.64
9.9 7.2 6.72 9.75 7.65
9.71 7.84 6.73 9.75 7.67
10.03 8.34 6.77 9.75 7.69
10.23 7.64 6.72 9.75 7.68
10.09 7.67 6.7 9.75 7.64
10.17 7.36 6.7 9.75 7.65
10.04 7.55 6.72 9.75 7.67
10.18 7.44 6.68 9.75 7.68
9.52 7.4 6.78 9.75 7.73
9.87 7.48 6.91 9.75 7.73
9.76 7.57 6.96 9.75 7.77
9.77 7.89 7 9.75 7.85
9.6 7.93 6.99 9.75 7.88
9.47 7.79 7.02 9.68 7.87
9.13 7.16 6.97 9.5 7.82
8.93 7.08 6.93 9.39 7.85
9.07 7.04 6.94 9.18 7.87
8.81 7.2 6.98 8.89 7.87
8.98 7.6 7.07 8.75 7.92
9.03 7.81 7.08 8.75 7.99
9.33 7.93 7.21 8.75 8.14
9.61 8.22 7.35 8.96 8.11
9.93 8.41 7.41 9.25 8.17
10.02 8.6 7.5 9.71 8.25
10.36 8.13 7.44 10 8.26
10.78 7.96 7.53 10.21 8.28
11.17 8.65 7.64 10.5 8.34
11.29 8.78 7.64 10.86 8.38
11.46 8.15 7.6 11.21 8.36
10.95 8.03 7.56 11.46 8.38
11.54 7.84 7.51 11.5 8.39
11.45 8.03 7.52 11.5 8.4
11.6 8.11 7.48 11.5 8.4
11.85 8.19 7.51 11.5 8.49
11.97 7.5 7.58 11.54 8.57
13.55 7.45 7.66 11.75 8.62
13.34 7.58 7.78 11.96 8.66
13.04 7.51 7.87 12 8.71
12.6 7.63 7.82 12 8.77
12.29 7.53 7.83 12 8.86
12.09 8.42 7.96 12 8.93
12.02 8.84 8.03 12 8.98
12.23 8.94 8.01 12 9.03
11.84 9.63 8.14 12 9.07
11.64 9.18 8.12 12 9.13
11.48 9.17 8.06 12 9.2
11.41 8.45 8.11 12 9.29
11.12 7.04 7.97 12 9.32
11.04 6.53 7.96 12 9.37
10.43 6.87 7.99 11.89 9.39
10.11 7.72 7.89 11.75 9.29
9.81 7.6 7.84 11.64 9.19
9.72 7.92 7.85 11.39 9.09
9.63 7.76 7.79 11.14 8.99
9.37 7.43 7.75 11 8.89
9.34 7.38 7.64 10.75 8.84
9.46 7.45 7.62 10.64 8.84
9.02 7.45 7.69 10.5 8.9
8.86 7.28 7.49 10.5 8.87
8.72 7.08 7.33 10.5 8.85
8.45 6.99 7.34 10.5 8.9
7.35 7.02 7.39 10.5 8.93
7.7 6.68 7.4 10.5 8.91
7.22 6.63 7.44 10.21 8.84
7.17 6.32 7.54 9.89 8.78
6.99 5.62 7.6 9.68 8.74
6.46 5.62 7.48 9.39 8.68
6.28 5.72 7.42 9.14 8.63
6.29 5.42 7.33 8.93 8.58
6.15 5.35 7.36 8.64 8.57
5.88 5.54 7.49 8.46 8.59
5.44 5.53 7.55 8.14 8.61
5.38 5.42 7.67 7.93 8.69
5.53 5.47 7.98 7.64 8.78
5.59 5.58 8.1 7.5 8.87
5.28 5.74 8.18 7.5 8.94
5.44 5.52 8.18 7.5 8.95
5.54 5.57 8.28 7.5 8.97
5.71 5.6 8.3 7.5 9.01
5.42 5.41 8.14 7.5 8.96
5.2 5.18 8.06 7.5 8.88
5.13 5.1 8 7.43 8.85
5.14 5.22 8.01 7.25 8.9
5.24 5.23 8.05 7.25 8.85
5.15 5.12 7.81 7.14 8.76
5.31 5.02 7.71 7 8.73
5.72 5.63 7.91 7 8.75
6.31 5.94 7.98 7 8.82
6.06 6.06 8.04 7 8.84
5.93 6.04 8 7 8.82
6.14 6.19 8.07 7.21 8.85
6.25 6.25 8.12 7.36 8.86
6.09 6.37 8.32 7.5 8.93
6.08 6.41 8.41 7.57 8.95
6.15 6.44 8.45 7.75 8.96
6.23 6.52 8.43 7.75 8.96
6.06 6.4 8.26 7.75 8.93
6.15 6.39 8.37 7.75 8.94
6.28 6.48 8.56 7.86 8.98
6.29 6.36 8.39 8 8.94
6.36 6.47 8.45 8 8.96
6.06 6.32 8.34 8 8.93
5.82 6.13 8.19 8 8.86
5.73 5.83 8.06 8 8.81
5.65 5.66 7.99 7.89 8.78
5.17 5.52 7.93 7.71 8.76
5.24 5.39 7.93 7.5 8.75
5.24 5.44 8.08 7.5 8.81
5.28 5.54 8.16 7.5 8.81
5.25 5.56 8.12 7.43 8.83
5.26 5.62 8.19 7.25 8.86
5.17 5.52 8.06 7.25 8.81
5.18 5.33 7.88 7.25 8.72
5.18 5.18 7.75 7.25 8.66
5.12 5.17 7.71 7.25 8.63
4.76 4.88 7.67 7.14 8.6
4.81 4.82 7.75 6.96 8.58
4.8 4.73 7.8 6.75 8.57
4.82 4.82 7.82 6.75 8.56
4.73 4.87 7.86 6.75 8.57
4.7 4.88 7.8 6.75 8.56
4.8 4.86 7.73 6.75 8.51
4.95 5.11 7.79 6.75 8.55
4.86 5.08 7.79 6.75 8.55
4.77 4.97 7.75 6.75 8.54
4.79 4.91 7.69 6.75 8.5
4.84 4.92 7.65 6.75 8.46
4.73 4.94 7.62 6.75 8.42
4.77 4.84 7.51 6.75 8.36
4.78 4.74 7.49 6.75 8.36
4.93 4.87 7.59 6.75 8.41
5.03 4.88 7.66 6.75 8.48
5.02 5.04 7.89 6.75 8.56
5.28 5.21 7.93 6.75 8.62
5.5 5.44 7.96 6.75 8.65
5.54 5.53 7.96 6.82 8.63
5.44 5.46 7.9 7.11 8.63
5.47 5.4 7.86 7.25 8.62
5.48 5.36 7.82 7.25 8.6
5.58 5.34 7.84 7.25 8.63
5.37 5.38 7.85 7.25 8.57
5.27 5.21 7.78 7.25 8.53
5.3 5.2 7.84 7.25 8.55
5.28 5.19 7.85 7.25 8.55
5.36 5.15 7.84 7.14 8.51
5.25 5.18 7.83 7 8.48
5.29 5.15 7.77 7 8.42
5.28 5.13 7.73 7 8.43
5.28 5.09 7.68 7 8.41
5.25 5.1 7.65 7 8.38
5.22 5.12 7.64 7 8.39
5.21 5.06 7.53 7 8.36
5.32 5.07 7.57 7 8.37
5.17 5.07 7.48 6.89 8.33
5.02 4.94 7.38 6.75 8.3
4.97 4.82 7.34 6.75 8.31
4.99 4.89 7.47 6.75 8.33
5.06 4.87 7.41 6.64 8.3
4.98 4.87 7.43 6.5 8.31
5.02 4.87 7.37 6.5 8.27
4.9 4.67 7.21 6.5 8.17
4.78 4.46 7 6.5 8.09
4.67 4.4 6.89 6.5 8.01
4.68 4.37 6.88 6.39 8
4.63 4.27 6.86 6.25 7.96
4.66 4.33 6.85 6.25 7.91
4.47 4.41 6.85 6.25 7.88
4.55 4.58 7.15 6.25 7.94
4.65 4.62 7.27 6.25 7.99
4.72 4.68 7.31 6.25 8.01
4.6 4.74 7.42 6.25 8.03
4.66 4.64 7.35 6.25 8.01
4.7 4.62 7.36 6.25 8.04
4.74 4.67 7.39 6.25 8.08
4.68 4.7 7.47 6.25 8.1
4.63 4.64 7.49 6.25 8.12
4.62 4.59 7.45 6.25 8.09
4.77 4.57 7.44 6.25 8
4.74 4.59 7.46 6.25 8.1
4.6 4.56 7.44 6.25 8.1
4.65 4.58 7.39 6.25 8.05
4.71 4.51 7.27 6.25 7.99
4.82 4.5 7.37 6.25 8.01
5.15 4.65 7.44 6.25 8.04
5.31 4.87 7.5 6.25 8.07
5.34 4.99 7.46 6.46 8.06
5.45 5.11 7.45 6.5 8.04
5.36 5.02 7.39 6.57 8
5.31 5.04 7.37 6.75 7.98
5.37 5.04 7.27 6.75 7.94
5.43 5.01 7.25 6.75 7.94
5.43 4.97 7.2 6.75 7.91
5.35 5.06 7.32 6.75 7.93
5.33 5.14 7.31 6.75 7.94
5.35 5.2 7.33 6.75 7.94
5.45 5.19 7.31 6.75 7.96
5.8 5.37 7.42 6.75 8
5.7 5.4 7.43 6.75 8
5.94 5.57 7.47 6.75 7.99
5.99 5.52 7.38 6.86 7.96
6.02 5.56 7.28 7 7.92
5.97 5.57 7.26 7 7.9
6.05 5.8 7.35 7 7.89
6.1 5.87 7.34 7.21 7.92
6.35 5.93 7.39 7.25 7.96
6.41 5.98 7.4 7.25 7.99
6.41 6.22 7.5 7.46 8.04
6.5 6.27 7.54 7.5 8.05
6.49 6.11 7.56 7.61 8.06
6.5 6.14 7.61 7.75 8.08
6.58 6.17 7.64 7.75 8.1
6.42 6.1 7.57 7.75 8.08
6.51 6.06 7.54 7.75 8.07
6.55 6.04 7.54 7.75 8.08
6.51 6.05 7.61 7.75 8.13
6.49 6.06 7.64 7.75 8.18
6.54 5.99 7.7 7.75 8.23
6.65 6.14 7.76 7.75 8.28
6.69 6.16 7.81 7.75 8.3
6.58 6.48 7.95 7.82 8.4
6.78 6.5 7.99 8 8.44
6.72 6.46 7.98 8 8.47
6.8 6.42 7.96 8 8.46
6.75 6.44 7.98 8 8.46
6.76 6.46 8.04 8 8.47
6.78 6.48 8.1 8 8.49
6.8 6.41 8.05 8 8.49
6.76 6.33 8.04 8 8.48
6.77 6.27 8 8 8.45
6.77 6.22 7.98 8 8.45
6.82 6.27 8.09 8 8.48
6.86 6.39 8.13 8 8.53
6.74 6.35 8.15 8 8.56
6.78 6.2 8.11 8 8.57
7 6.22 8.18 8 8.59
7.27 6.38 8.25 8 8.62
7.32 6.39 8.33 8.21 8.65
7.34 6.3 8.34 8.25 8.69
7.43 6.43 8.38 8.25 8.76
7.36 6.59 8.41 8.46 8.79
7.47 6.61 8.38 8.5 8.74
7.49 6.63 8.4 8.5 8.72
7.53 6.73 8.45 8.71 8.76
7.78 6.87 8.56 8.75 8.82
7.72 6.99 8.6 8.96 8.85
7.72 7.15 8.66 9 8.9
7.94 7.08 8.65 9 8.89
7.88 6.95 8.67 9 8.88
7.89 6.78 8.53 9 8.76
7.83 6.76 8.36 9 8.66
7.87 6.96 8.47 9 8.7
8.14 7.25 8.42 9 8.69
8.28 7.35 8.37 9 8.67
8.3 7.6 8.37 9.25 8.67
8.33 7.7 8.32 9.25 8.63
8.36 7.92 8.38 9.46 8.7
8.62 8.04 8.54 9.5 8.77
8.85 8.03 8.57 9.75 8.81
8.71 8.17 8.58 9.75 8.85
8.78 7.91 8.57 9.96 8.88
9.24 7.67 8.65 10 8.94
9.29 8.35 8.8 10.25 9.04
9.77 8.85 8.83 10.61 9.06
9.68 8.38 8.83 10.75 9.02
9.68 8.36 8.74 10.96 9
9.85 8.98 8.86 11.43 9.04
9.87 8.93 8.84 11.5 9.06
9.79 8.9 8.92 11.5 9.12
9.75 9.14 9.08 11.5 9.24
10.25 9.3 9.13 11.57 9.27
10.59 9.3 9.16 11.75 9.26
9.97 9.31 9.13 11.75 9.26
10.05 9.39 9.16 11.75 9.28
10.05 9.38 9.13 11.75 9.24
10.12 9.32 8.95 11.75 9.19
10.06 9.23 8.97 11.75 9.23
10.15 9.28 9.11 11.75 9.25
9.97 9.34 9.13 11.75 9.28
10.06 9.45 9.19 11.75 9.36
10.07 9.41 9.14 11.75 9.35
10.21 9.5 9.11 11.75 9.38
10.09 9.52 9.13 11.75 9.38
10 9.51 9.11 11.75 9.35
9.95 9.48 9.09 11.75 9.31
9.93 9.64 9.14 11.75 9.37
9.96 9.54 9.18 11.75 9.39
10.09 9.2 9.2 11.75 9.44
10.22 9.48 9.33 11.75 9.51
10.25 9.65 9.38 11.75 9.52
10.25 9.58 9.33 11.75 9.51
10.17 9.69 9.19 11.75 9.49
10.28 9.54 9.03 11.75 9.48
10.23 9.48 9.03 11.75 9.41
10.23 9.06 8.87 11.75 9.25
10.28 8.98 8.93 11.68 9.23
10.32 8.85 8.89 11.5 9.23
10.42 8.96 8.79 11.5 9.16
10.28 9.25 8.87 11.5 9.17
10.35 9.29 8.98 11.5 9.19
10.63 9.34 9.02 11.5 9.23
10.75 9.16 9 11.71 9.24
10.67 9.37 8.92 11.75 9.2
10.8 9.47 8.99 11.75 9.2
11.04 9.54 9.02 12 9.23
11.16 9.67 9.12 12.07 9.3
11.02 9.91 9.27 12.25 9.34
11.3 10.43 9.32 12.68 9.42
11.37 10.35 9.33 12.96 9.49
11.61 10.12 9.31 13.21 9.5
11.91 10.26 9.47 13.46 9.66
12 11.21 9.8 13.79 9.91
13.22 11.61 10.22 14.5 10.09
15.14 12.6 10.78 14.64 10.5
15.61 12.13 10.78 15 10.73
13.77 12.16 10.87 15.25 10.83
13.3 12.11 10.76 15.46 10.75
13.1 11.87 10.74 15.71 10.83
12.46 11.22 10.37 15.75 10.63
13.77 11.58 10.35 15.54 10.58
13.79 12.11 10.35 15.29 10.7
13.9 12.21 10.41 15.25 10.79
13.49 12.01 10.43 15.25 10.87
14.04 12.03 10.43 15.25 10.88
13.94 11.92 10.61 15.25 10.91
13.91 11.75 10.64 15.25 10.99
13.77 12.08 10.83 15.25 11.22
13.54 12.21 11.13 15.25 11.49
12.8 12.09 11.49 15.25 11.95
13.64 12.1 11.85 15.25 12.19
14.87 12.93 12.47 15.39 12.74
14.62 13.63 13.33 16.29 12.88
16.17 14.62 12.87 16.84 13
16.45 15.51 12.73 17.68 13
16.24 14.8 12.47 18.46 12.83
17.78 15.61 12.93 19 13
19.39 14.8 12.73 19.5 12.95
19.04 14.54 12.23 20 12.57
18.35 13.89 11.59 20 11.87
17.56 12.78 10.96 19.57 11.51
15.12 11.17 10.79 19.5 11.38
12.96 9.67 10.15 18.39 10.93
10.85 8.52 10.21 17.5 10.96
10.71 8.58 10.3 16.64 11.02
9.46 7.67 10 14.79 10.9
10.74 7.71 10.21 14.07 10.88
9.68 6.89 9.82 13.14 10.53
8.99 6.49 9.51 12.36 10.34
9.08 7.12 9.63 12.04 10.53
9.41 7.82 10.06 12 10.84
9.26 8.02 10.11 11.79 10.94
8.98 8.02 10.21 11.5 11.09
8.68 7.9 10.17 11.5 11.11
8.98 8.19 10.41 11.07 11.33
9.6 8.65 10.74 11 11.44
8.85 8.6 10.9 11 11.57
9.35 8.96 11.07 11 11.7
10.03 9.81 11.38 11.25 11.88
10.47 9.97 11.46 11.5 11.89
10.22 9.92 11.2 11.71 11.9
10.64 10.29 11.48 12.21 12
10.85 10.25 11.61 12.46 12.15
12.38 11.05 11.92 13 12.3
12.59 11.34 11.5 13.5 12.18
12.64 11.12 11.37 13.5 12.11
12.55 11.39 11.66 13.93 12.27
13.17 12.17 12.1 14.07 12.72
13.99 12.96 12.5 14.5 12.96
14.65 13.3 12.74 15.5 12.93
15.22 13.62 12.67 15.82 12.96
17.43 14.21 12.71 17 13.03
17.72 14.67 12.88 17.96 13.15
18.82 16.17 12.98 19.07 13.47
19.83 16.73 13.36 20.29 13.49
19.44 15.03 12.55 21.43 12.89
18.45 14.26 12.32 21.5 12.83
20.06 14.06 12.27 20.64 12.59
19.64 15.1 12.49 20.07 12.76
19.35 15.44 12.61 20 12.91
18.12 15.41 12.78 20 12.98
17.19 14.78 12.84 19.86 13.07
16.51 15.32 13.19 19.5 13.41
15.81 15.22 13.43 19.5 13.51
14.96 14.23 13.14 19.29 13.45
15.73 14.35 13.48 19 13.61
15.53 14.17 13.18 18.71 13.31
14.13 13.06 12.8 17.86 13.06
13.48 12.64 13.02 17.5 13.32
14.93 12.7 13.24 17.5 13.41
15.43 13.37 13.48 17 13.72
15.33 13.58 13.61 17 13.89
15.55 13.7 13.75 17 14.02
16.28 14.16 13.92 17.43 14.26
18.91 15.73 14.38 18.43 14.5
18.21 16.72 14.37 19.21 14.53
18.89 16.52 14.01 19.64 14.18
18.71 16.41 13.81 20.43 14
18.4 15.46 13.53 20.43 13.84
19.33 15.3 13.42 20 13.73
19.1 14.16 13.21 20 13.61
19.2 14.69 13.54 20 13.77
18.84 14.25 13.79 20 14.04
19.93 14.68 13.98 20.07 14.19
18.76 14.74 14.05 20.5 14.25
19.05 15.17 14.41 20.5 14.55
18.54 15.23 14.51 20.5 14.61
18.25 15.21 14.84 20.5 14.82
18.29 15.23 14.67 20.5 14.62
18.19 15.61 14.73 20.5 14.78
17.41 15.7 15.17 20.5 15.21
16.89 15.57 15.37 20.5 15.5
16.5 15.55 15.53 20.5 15.61
16.09 14.52 15.15 20.36 15.3
15.33 14.32 14.98 19.86 15.35
15 14.23 15.65 19.5 15.85
15.46 14.25 15.31 19.29 15.4
14.93 13.44 14.86 18.71 15.18
15.32 13.43 15.04 18 15.36
14.87 13.29 15.45 18 15.51
14.79 12.7 14.61 17.86 14.88
14.01 11.55 13.73 17.29 14.18
13.17 10.54 13.12 16.93 13.91
12.42 10.2 13.15 16.39 13.92
12.48 10.41 13.23 15.93 13.99
12.04 10.26 13.45 15.75 14.16
12.26 10.84 13.67 15.75 14.11
12.43 11.09 13.84 15.75 14.36
12.54 11.36 14.08 15.75 14.5
12.98 11.46 14.3 15.75 14.81
12.42 11.85 14.67 15.75 15.29
12.96 12.36 14.78 15.75 15.36
13.98 12.99 14.6 15.75 15.27
14.77 13.17 14.43 15.96 15.34
15.19 13.92 14.81 16.5 15.49
15.61 14.41 14.58 16.5 15.34
13.86 12.82 14.04 16.86 14.92
14.07 12.32 13.84 16.5 14.61
14.35 12.25 13.66 16.5 14.55
14.89 12.77 13.93 16.5 14.55
14.48 12.75 13.83 16.5 14.53
14.99 13.17 14.09 16.5 14.66
15.15 13.17 14.14 16.5 14.68
14.68 12.85 13.9 16.5 14.53
15.01 12.53 13.74 16.5 14.31
14.72 12.42 13.71 16.5 14.31
15.53 12.57 13.87 16.5 14.36
14.97 12.32 13.51 16.5 14.22
14.67 12.27 13.58 16.5 14.23
13.7 11.53 13.59 16.5 14.21
13.43 11.79 13.81 16.5 14.5
13.6 12.13 13.96 16.5 14.62
14.24 12.2 14.13 16.5 14.79
14.17 12.7 14.63 16.5 15.1
14.81 13.01 14.65 16.5 15.07
14.47 12.59 14.47 16.5 14.96
13.18 11.88 14.04 16.5 14.65
12.14 11.06 13.69 16.36 14.32
11.02 10.51 13.76 16 14.39
11.15 9.92 13.62 15.29 14.22
10.9 9.99 13.73 15 14.14
10.11 8.68 13.01 14.71 13.48
9.04 7.43 12.39 13.79 13.15
10.15 8 12.74 13.5 13.2
10.14 8.31 12.53 13.5 13.03
10.27 8.16 12.61 13.5 13.08
10.31 7.75 12.36 13.5 12.83
10.12 7.5 11.93 13.5 12.66
10.77 7.82 11.63 13.5 12.49
9.6 7.58 10.66 13 11.94
9.53 7.51 10.64 12 11.95
9.44 7.81 10.88 12 12
9.43 7.85 10.63 12 11.68
9.45 7.9 10.49 12 11.62
9.61 8.37 10.62 12 11.7
8.91 8.04 10.49 11.79 11.67
8.69 8.19 10.71 11.5 11.83
8.84 7.93 10.54 11.5 11.79
8.86 7.86 10.56 11.5 11.82
8.69 7.88 10.6 11.5 11.91
8.79 8.01 10.46 11.5 11.82
10.21 7.97 10.37 11.5 11.77
8.42 7.76 10.36 11.36 11.7
8.49 7.63 10.31 11 11.7
8.44 8.01 10.61 11 11.94
8.53 8.09 10.77 11 12.06
8.5 8.24 10.97 11 12.11
8.62 8.2 10.82 11 12.08
8.47 7.99 10.55 11 11.82
8.44 7.93 10.29 10.79 11.63
8.59 8.14 10.39 10.5 11.72
8.57 8.26 10.52 10.5 11.79
8.75 8.47 10.59 10.5 11.76
8.88 8.61 10.61 10.5 11.75
9.43 8.55 10.55 10.5 11.66
8.76 8.25 10.45 10.5 11.51
8.7 8.12 10.34 10.5 11.46
8.58 8.14 10.38 10.5 11.43
8.8 8.06 10.24 10.5 11.29
8.48 8.03 10.18 10.5 11.29
8.59 8.09 10.33 10.5 11.54
8.72 8.34 10.55 10.5 11.67
8.77 8.56 10.71 10.5 11.76
8.84 8.67 10.83 10.5 11.77
8.84 8.73 10.8 10.5 11.66
9.14 8.84 10.75 10.5 11.71
8.9 8.97 11.01 10.5 11.85
9.39 8.89 11.07 10.5 12.02
9.21 9.1 11.34 10.5 12.13
9.43 9.11 11.39 10.5 12.17
9.46 9.08 11.43 10.5 12.31
9.59 9.31 11.79 10.5 12.62
9.66 9.49 12.14 10.71 12.71
9.67 9.43 11.82 11 12.4
9.41 9.22 11.61 11 12.32
9.44 9.21 11.8 11 12.54
9.53 9.19 11.88 11 12.47
9.54 9.1 11.69 11 12.4
9.48 9.02 11.67 11 12.31
9.04 8.81 11.49 11 12.22
10 8.69 11.44 11 12.2
9.46 8.69 11.45 11 12.22
9.36 8.63 11.54 11 12.21
9.36 8.62 11.6 11 12.34
9.4 8.55 11.69 11 12.42
9.36 8.75 11.82 11 12.47
9.42 8.78 11.7 11 12.42
9.26 8.81 11.65 11 12.36
9.27 8.85 11.6 11 12.39
9.49 8.92 11.74 11 12.51
9.52 9.04 11.92 11 12.66
9.62 9.08 11.88 11 12.61
8.96 8.94 11.78 11 12.56
10.06 8.98 11.81 11 12.53
9.53 8.91 11.74 11 12.43
9.54 8.84 11.61 11 12.01
9.53 8.93 11.63 11 11.98
9.41 8.9 11.65 11 11.97
9.58 9.02 11.67 11 11.96
9.53 9.06 11.8 11 12.06
9.6 9.13 11.9 11 12.22
9.62 9.2 12.04 11 12.3
9.74 9.22 12.09 11 12.46
9.79 9.37 12.27 11 12.58
10.04 9.65 12.4 11.21 12.65
9.97 9.76 12.46 11.5 12.71
10.41 9.73 12.56 11.5 12.74
10.13 9.66 12.53 12 12.71
10.37 9.74 12.57 12 12.79
9.98 9.67 12.75 12 12.95
10.7 9.67 12.79 12 13
10.46 9.9 13.08 12.14 13.15
10.52 9.94 13.44 12.5 13.33
9.75 9.85 13.5 12.5 13.42
10.3 9.69 13.84 12.5 13.56
10.72 9.78 13.57 12.5 13.46
10.85 9.94 13.51 12.5 13.48
11.49 9.91 13.38 12.5 13.55
11.27 9.81 13.75 12.71 13.71
10.91 9.87 13.83 13 13.69
11.25 10.03 13.62 13 13.53
11.21 10.06 13.35 13 13.36
11.19 10.2 13.27 13 13.32
11.53 10.34 12.92 13 13.05
11.59 10.49 12.69 13 12.84
11.63 10.36 12.69 13 12.86
11.77 10.37 12.67 13 12.85
11.5 10.58 12.76 13 12.88
11.68 10.65 12.86 13 12.87
11.52 10.47 12.64 13 12.72
11.46 10.33 12.37 13 12.52
10.73 10.26 12.45 13 12.56
11.2 10.21 12.48 12.75 12.62
10.01 10.11 12.41 12.75 12.6
10.22 9.93 12.31 12.71 12.82
9.45 9.49 11.89 12.5 12.54
9.73 9.2 11.86 12.29 12.5
9.87 8.81 11.66 12 12.43
9.55 8.72 11.78 11.79 12.42
9.47 8.6 11.59 11.75 12.2
9 8.42 11.3 11.68 12.05
8.83 8.43 11.52 11.25 12.2
8.7 8.36 11.62 11.25 12.21
7.99 7.98 11.48 11.25 12.04
7.95 7.71 11.37 10.75 12.05
8.75 7.77 11.54 10.75 12.21
8.27 7.78 11.54 10.75 12.16
8.23 7.73 11.53 10.68 12.2
8.19 7.71 11.34 10.5 11.97
8.45 7.73 11.09 10.5 11.85
8.59 8.14 11.3 10.5 11.95
8.44 8.21 11.4 10.5 12.01
8.57 8.2 11.39 10.5 12.21
8.4 8.4 11.75 10.5 12.47
8.63 8.65 11.9 10.5 12.55
8.52 8.6 11.81 10.5 12.58
8.75 8.54 11.95 10.5 12.62
8.38 8.41 11.83 10.5 12.5
8.68 8.18 11.7 10.5 12.44
8.45 8.11 11.69 10.5 12.34
8.46 7.98 11.35 10.5 12.09
7.69 7.74 11.18 10.5 12.09
8.35 7.82 11.37 10.5 12.15
8.19 7.76 11.22 10.5 12.03
8.14 7.64 11.01 10.5 11.77
7.91 7.32 10.69 10.29 11.5
7.6 7.22 10.53 10 11.27
7.75 7.04 10.12 10 10.93
7.62 7.12 10.1 10 10.88
7.13 6.77 10.02 9.86 10.86
7.46 7 10.39 9.5 11.09
8.06 6.91 10.25 9.5 10.91
8.07 6.9 10.03 9.5 10.85
7.77 7.03 10.19 9.5 10.87
7.88 7.21 10.42 9.5 11.07
7.64 7.23 10.6 9.5 11.21
7.92 7.26 10.6 9.5 11.2
7.88 7.13 10.4 9.5 11.08
8.06 7.12 10.23 9.5 10.95
7.78 7.05 10.14 9.5 10.9
7.88 7.09 10.2 9.5 10.94
7.8 7.22 10.45 9.5 11.13
7.85 7.19 10.43 9.5 11.11
7.96 6.94 10.36 9.5 11.05
8.12 7.01 10.28 9.5 11.07
7.84 7.08 10.37 9.5 11.12
8.03 7.21 10.31 9.5 11.03
8.14 7.2 10.16 9.5 10.94
7.89 7.22 10.14 9.5 10.87
8.3 7.22 9.97 9.5 10.67
7.95 7.26 9.82 9.5 10.56
8.13 7.27 9.79 9.5 10.47
7.71 7.21 9.65 9.5 10.43
8.49 7.22 9.65 9.5 10.43
8.03 7.19 9.46 9.5 10.26
8.05 7.04 9.16 9.5 10.05
8.02 7.07 9.07 9.5 9.97
9.55 6.99 9.01 9.5 9.92
8.2 7.09 9.05 9.5 9.95
7.94 7.21 9.38 9.5 10.18
7.87 7.05 9.26 9.5 10.13
7.83 6.97 9.15 9.5 10
7.97 7 9.03 9.5 9.9
7.85 7.15 9 9.5 9.84
7.84 7.06 8.72 9.5 9.64
7.82 7.05 8.46 9.5 9.29
7.89 6.94 8.06 9.5 9.08
7.52 6.62 7.83 9.07 8.98
7.47 6.54 7.78 9 9.03
7.25 6.41 7.72 9 8.94
7.39 6.34 7.4 9 8.74
7.05 6.19 7.37 9 8.75
6.97 5.89 7.18 9 8.66
6.92 5.92 7.15 8.79 8.9
6.88 6.11 7.47 8.5 8.97
6.87 6.08 7.46 8.5 8.98
6.82 6.08 7.57 8.5 9.12
6.87 6.2 7.91 8.5 9.17
6.85 6.18 7.8 8.5 9.14
6.95 6.38 8.19 8.5 9.29
6.89 6.36 8.09 8.5 9.19
6.87 6.15 7.71 8.5 9.08
6.86 6.1 7.55 8.5 9.01
7.02 6.01 7.38 8.5 8.93
6.87 5.9 7.34 8.5 8.89
6.51 5.78 7.24 8.07 8.84
6.42 5.74 7.19 8 8.86
6.32 5.84 7.41 8 8.88
6.36 5.74 7.37 8 8.85
6.31 5.65 7.28 8 8.74
6.38 5.56 7.09 8 8.66
5.87 5.32 7.02 7.86 8.62
5.83 5.22 7.06 7.5 8.74
5.82 5.2 7.31 7.5 8.85
5.88 5.16 7.54 7.5 8.95
5.81 5.24 7.59 7.5 8.97
6.08 5.22 7.47 7.5 8.9
5.75 5.09 7.33 7.5 8.86
5.83 5.11 7.42 7.5 8.88
5.91 5.28 7.56 7.5 8.89
5.86 5.22 7.44 7.5 8.8
6.02 5.22 7.3 7.5 8.73
5.98 5.35 7.36 7.5 8.77
6.13 5.38 7.26 7.5 8.65
6 5.38 7.15 7.5 8.55
6.25 5.41 7.12 7.5 8.52
5.97 5.46 7.07 7.5 8.48
6.3 5.54 7.13 7.5 8.51
6.31 5.55 7.09 7.5 8.47
9.2 5.65 7.18 7.5 8.49
7.62 5.51 7.1 7.5 8.4
6.01 5.38 7.06 7.5 8.33
6.01 5.33 7.03 7.5 8.31
6.13 5.45 7.11 7.5 8.37
6.22 5.58 7.2 7.5 8.38
6.14 5.73 7.27 7.5 8.39
6.21 5.67 7.31 7.5 8.4
5.95 5.44 7.22 7.5 8.36
6.06 5.49 7.18 7.5 8.34
6.12 5.63 7.22 7.5 8.36
6.08 5.61 7.21 7.5 8.36
6.14 5.56 7.24 7.5 8.36
6.21 5.6 7.44 7.54 8.5
6.13 5.5 7.59 7.75 8.56
6.41 5.84 8.04 7.75 8.82
6.26 5.51 8.17 7.75 9.07
6.5 5.71 8.37 7.75 9.21
7.3 5.62 8.42 7.96 9.21
6.75 5.57 8.52 8 9.25
6.77 5.8 8.78 8.21 9.49
6.8 5.61 8.7 8.25 9.4
6.65 5.69 8.57 8.25 9.38
6.7 5.6 8.55 8.25 9.36
6.75 5.6 8.33 8.25 9.3
6.79 5.7 8.27 8.25 9.25
6.61 5.73 8.34 8.25 9.33
6.64 5.63 8.3 8.25 9.31
6.52 5.59 8.37 8.25 9.36
6.57 5.61 8.44 8.25 9.46
6.63 5.79 8.59 8.25 9.56
6.75 5.98 8.72 8.25 9.65
6.58 5.88 8.72 8.25 9.63
6.74 5.99 8.65 8.25 9.68
6.76 6.16 8.76 8.25 9.7
6.85 6.21 9.05 8.25 9.87
6.95 6.36 9.39 8.68 10.15
7.21 6.34 9.41 8.75 10.28
7.26 6.45 9.42 8.75 10.25
7.56 6.55 9.57 8.75 10.34
7.43 6.62 9.68 8.82 10.48
7.59 6.84 9.96 9.25 10.73
7.37 6.37 9.85 9.25 10.68
7.03 5.24 8.94 9 10.25
6.43 5.42 8.9 9 10.08
6.68 5.67 8.76 8.75 9.97
6.77 5.85 8.83 8.75 9.97
6.78 5.73 8.86 8.75 10.01
6.89 5.47 9.03 8.75 10.06
6.84 5.66 9.02 8.75 10.14
6.58 5.9 9.17 8.75 10.19
6.75 5.88 8.92 8.75 10.08
6.81 5.75 8.85 8.75 10.06
7.02 5.83 8.81 8.75 10
6.81 5.79 8.91 8.75 10
6.89 5.88 8.68 8.75 9.88
6.66 5.8 8.48 8.75 9.64
6.77 5.68 8.25 8.68 9.46
6.38 5.63 8.16 8.5 9.42
6.65 5.72 8.27 8.5 9.41
6.64 5.66 8.23 8.5 9.33
6.6 5.61 8.17 8.5 9.27
6.51 5.7 8.27 8.5 9.34
6.61 5.68 8.32 8.5 9.36
6.51 5.72 8.42 8.5 9.44
6.62 5.74 8.54 8.5 9.53
6.82 5.9 8.63 8.5 9.61
6.81 5.98 8.57 8.5 9.61
6.93 5.82 8.77 8.5 9.73
6.85 5.86 8.8 8.5 9.73
6.82 6.06 8.89 8.5 9.78
7.02 6.28 9.02 8.57 9.85
7.04 6.22 9.07 9 9.94
7.14 6.26 9.21 9 10.02
7.41 6.44 9.17 9 10
7.37 6.44 8.99 9 9.93
7.43 6.4 8.84 9 9.8
7.54 6.42 8.97 9 9.79
7.63 6.55 8.88 9 9.82
7.81 6.55 8.83 9 9.84
7.59 6.65 9.04 9 9.95
7.83 6.7 9.11 9.5 10.03
7.8 6.84 9.11 9.5 10.03
7.84 6.93 9.08 9.5 10
7.75 6.93 9.15 9.5 10.1
8.19 7.02 9.36 10 10.15
8.02 7.1 9.35 10 10.16
8.15 7.3 9.32 10 10.14
8.15 7.27 9.06 10 9.95
8.13 7.23 8.94 10 9.84
8.17 7.17 8.94 10 9.73
8.24 7.28 9 10 9.67
8.38 7.25 8.89 10 9.58
8.27 7.29 8.79 10 9.54
8.27 7.36 8.81 10 9.49
8.29 7.45 8.81 10 9.44
8.36 7.36 8.69 10 9.39
8.31 7.5 8.85 10 9.38
8.26 7.83 8.93 10 9.45
8.33 7.97 9.06 10 9.52
8.44 7.96 9.13 10.21 9.55
8.59 7.97 9.05 10.5 9.52
8.51 8 9.1 10.5 9.57
8.87 8.16 9.13 10.5 9.59
8.86 8.13 9.12 10.5 9.6
9.22 8.16 9.19 10.5 9.66
9.08 8.28 9.25 10.5 9.69
9.13 8.24 9.06 10.5 9.61
9.06 8.25 8.99 10.5 9.56
9.16 8.34 8.99 10.5 9.56
9.1 8.49 8.98 10.5 9.56
9.27 8.53 9.19 10.93 9.65
9.39 8.5 9.23 11 9.7
9.8 8.66 9.36 11.43 9.75
9.83 8.62 9.27 11.5 9.73
9.83 8.71 9.31 11.5 9.79
9.86 8.93 9.46 11.5 9.85
9.88 9.04 9.41 11.5 9.88
9.71 8.86 9.24 11.5 9.81
9.82 8.74 9.26 11.5 9.8
9.95 8.57 9.17 11.5 9.8
9.86 8.62 9.15 11.5 9.75
9.88 8.51 9.07 11.5 9.73
9.86 8.49 9.08 11.5 9.69
9.75 8.28 8.87 11.5 9.54
9.74 8.34 8.66 11.5 9.41
9.84 8.56 8.64 11.5 9.37
9.68 8.31 8.41 11.29 9.16
9.35 8.16 8.21 11 9.02
9.48 8.13 8.35 11 9.09
9.58 8.08 8.22 11 9.02
9.58 7.92 8.11 11 8.97
9.31 7.75 8.02 11 8.94
9.24 7.87 8.06 11 8.93
9.14 8.05 8.03 11 8.91
8.95 7.76 7.82 10.79 8.81
8.98 7.86 7.98 10.5 8.92
9.04 7.97 8.14 10.5 8.99
9.01 7.94 8.21 10.5 9.02
8.96 7.93 8.24 10.5 9.05
8.96 7.86 8.2 10.5 9.02
8.96 7.7 8.15 10.5 8.98
9.05 7.64 8.11 10.5 8.98
9.02 7.8 8.27 10.5 9.03
9.18 7.85 8.27 10.5 9.02
8.93 7.67 8.07 10.5 8.94
8.76 7.54 7.98 10.5 8.88
8.72 7.55 7.92 10.5 8.85
8.8 7.73 7.91 10.5 8.91
8.69 7.78 7.92 10.5 8.9
8.46 7.68 7.88 10.5 8.86
8.46 7.65 7.84 10.5 8.89
8.51 7.64 7.85 10.5 8.88
8.52 7.57 7.83 10.5 8.86
8.47 7.66 7.84 10.5 8.85
8.52 7.62 7.78 10.5 8.85
8.38 7.66 7.87 10.5 8.88
8.32 7.61 7.94 10.5 8.89
8.22 7.54 8.01 10.29 8.92
8.2 7.6 8.13 10 8.98
8.23 7.72 8.3 10 9.05
8.24 7.72 8.47 10 9.15
8.22 7.8 8.51 10 9.22
8.21 7.7 8.38 10 9.21
8.25 7.74 8.52 10 9.27
8.27 7.72 8.49 10 9.26
8.28 7.84 8.59 10 9.35
8.27 7.96 8.65 10 9.4
8.27 7.94 8.59 10 9.39
8.26 7.88 8.52 10 9.37
8.33 7.8 8.62 10 9.38
8.25 7.78 8.59 10 9.38
8.27 7.77 8.74 10 9.45
8.24 7.75 8.96 10 9.59
8.12 7.84 9.07 10 9.62
8.2 7.8 8.89 10 9.54
8.16 7.66 8.68 10 9.39
8.22 7.71 8.69 10 9.39
8.19 7.74 8.65 10 9.38
8.26 7.71 8.48 10 9.27
8.3 7.71 8.46 10 9.21
8.28 7.7 8.48 10 9.26
8.28 7.78 8.54 10 9.27
8.33 7.73 8.43 10 9.23
8.28 7.76 8.53 10 9.26
8.14 7.61 8.47 10 9.24
8.05 7.53 8.5 10 9.26
8.03 7.5 8.38 10 9.19
8.07 7.35 8.62 10 9.34
8.13 7.42 8.67 10 9.37
8.3 7.53 8.82 10 9.5
8.08 7.5 8.95 10 9.56
8.25 7.4 8.87 10 9.57
8.12 7.4 8.83 10 9.54
8.18 7.37 8.87 10 9.51
8.26 7.36 8.99 10 9.63
8.23 7.17 8.77 10 9.54
8.2 7.14 8.76 10 9.59
7.96 7.16 8.82 10 9.57
7.99 7.23 8.65 10 9.45
8.17 7.14 8.66 10 9.47
7.97 7.08 8.55 10 9.38
7.94 7.06 8.45 10 9.3
7.8 7.08 8.32 10 9.25
7.56 7.04 8.28 10 9.2
7.6 7.02 8.23 10 9.13
7.25 6.88 8.01 10 9.03
7.29 6.77 8.01 10 9.02
7.16 6.54 8.13 10 9.04
7.17 6.46 8.08 9.93 9.02
6.4 6.43 8.1 9.5 9.05
6.77 6.1 8.21 9.5 9.08
6.88 6.1 8.05 9.5 9.05
7.46 6.19 8.04 9.5 9
6.32 6.01 7.89 9.29 8.87
6.29 5.89 7.79 9 8.77
6.26 5.92 7.81 9 8.81
6.31 5.99 7.93 9 8.85
6.47 6.06 8.09 9 8.92
6.17 5.92 8.07 9 8.91
6.1 5.83 8.14 9 8.97
6.1 5.86 8.13 9 8.92
6 5.76 8.05 9 8.86
5.9 5.66 8.02 9 8.87
5.69 5.57 7.99 9 8.81
5.92 5.69 8.09 9 8.89
5.92 5.57 8.05 8.93 8.83
5.79 5.48 8.03 8.5 8.83
5.78 5.47 8.1 8.5 8.89
5.79 5.44 8.08 8.5 8.86
5.72 5.41 8.09 8.5 8.87
5.91 5.55 8.11 8.5 8.93
5.75 5.57 8.29 8.5 9.01
5.78 5.59 8.32 8.5 9.05
5.79 5.57 8.32 8.5 9.04
6.34 5.56 8.27 8.5 9.04
5.79 5.58 8.35 8.5 9.04
5.85 5.58 8.28 8.5 8.99
5.75 5.58 8.28 8.5 8.97
5.79 5.56 8.2 8.5 8.93
5.83 5.46 8.04 8.5 8.82
5.62 5.32 7.93 8.5 8.73
5.68 5.21 7.82 8.5 8.69
5.58 5.36 7.86 8.5 8.7
5.6 5.32 7.8 8.5 8.67
5.56 5.28 7.76 8.5 8.63
5.44 5.19 7.64 8.07 8.6
5.29 5.19 7.57 8 8.56
5.33 5.11 7.49 8 8.49
5.19 5.02 7.44 8 8.5
5.28 4.99 7.5 8 8.54
5.24 5.04 7.61 8 8.63
5.1 4.92 7.59 8 8.58
5.05 4.74 7.5 7.93 8.55
4.74 4.63 7.41 7.5 8.43
4.89 4.56 7.35 7.5 8.46
4.68 4.41 7.42 7.5 8.46
4.79 4.35 7.29 7.5 8.39
4.54 4.21 7.22 7.5 8.35
4.49 4.13 7.2 7.5 8.31
4.22 3.84 6.96 7.07 8.22
4.19 3.86 6.79 6.5 8.17
4.19 3.8 6.8 6.5 8.14
4.01 3.81 6.93 6.5 8.2
3.87 3.77 7.09 6.5 8.22
4.01 3.82 7.22 6.5 8.25
4.17 3.84 7.3 6.5 8.25
3.93 3.76 7.23 6.5 8.27
4.2 3.81 7.43 6.5 8.33
3.96 3.93 7.42 6.5 8.31
4.08 3.99 7.37 6.5 8.32
3.95 4.02 7.47 6.5 8.34
4.04 4.05 7.65 6.5 8.38
3.94 4.05 7.58 6.5 8.36
4.09 4.02 7.53 6.5 8.35
3.98 3.94 7.43 6.5 8.32
3.65 3.63 7.35 6.5 8.28
3.47 3.68 7.55 6.5 8.33
3.65 3.69 7.58 6.5 8.37
3.77 3.65 7.55 6.5 8.35
3.84 3.62 7.4 6.5 8.27
3.89 3.57 7.27 6.5 8.23
3.8 3.7 7.41 6.5 8.24
3.85 3.72 7.35 6.5 8.24
3.69 3.68 7.33 6.5 8.24
3.73 3.65 7.27 6.5 8.22
3.72 3.64 7.22 6.5 8.2
3.87 3.59 7.13 6.5 8.16
3.24 3.22 6.9 6 8.08
3.28 3.21 6.94 6 8.09
3.22 3.17 6.88 6 8.06
3.18 3.18 6.67 6 8.01
3.33 3.17 6.69 6 7.99
3.24 3.14 6.54 6 7.93
3.33 3.07 6.52 6 7.91
3.27 3.13 6.62 6 7.97
3.33 3.15 6.6 6 7.93
3.09 2.97 6.39 6 7.87
3.28 2.91 6.36 6 7.91
3.07 2.9 6.45 6 7.96
3.41 2.78 6.4 6 7.93
3.2 2.69 6.3 6 7.92
3.2 2.85 6.49 6 7.96
3.05 2.95 6.7 6 8.04
2.96 2.93 6.79 6 8.07
3.07 2.99 6.83 6 8.11
2.91 3.06 6.94 6 8.14
2.97 3.12 6.83 6 8.07
3.1 3.21 6.83 6 8.06
3.37 3.3 6.94 6 8.06
2.94 3.26 6.8 6 8
2.93 3.23 6.8 6 7.99
2.94 3.18 6.71 6 7.93
2.86 3.17 6.7 6 7.9
3.03 3.09 6.64 6 7.92
2.98 3.05 6.73 6 7.96
3.1 2.98 6.61 6 7.9
2.94 2.95 6.53 6 7.84
3.15 2.92 6.42 6 7.78
2.92 2.92 6.38 6 7.75
3.06 2.92 6.34 6 7.69
2.91 2.93 6.07 6 7.61
3.24 2.95 5.97 6 7.56
3.02 2.98 5.89 6 7.54
3.04 2.98 6.06 6 7.61
2.93 2.94 5.94 6 7.59
3.18 2.92 6.04 6 7.64
3.11 2.91 6.1 6 7.61
2.93 2.87 5.93 6 7.45
2.91 2.82 5.87 6 7.34
2.87 2.88 5.95 6 7.4
2.98 2.89 5.97 6 7.37
2.9 2.88 5.91 6 7.41
3.01 2.97 6.08 6 7.48
3.07 3.02 6.14 6 7.46
3.09 3.06 6.1 6 7.39
2.96 3.1 6.07 6 7.38
3.01 3.06 5.99 6 7.32
3 3.07 5.93 6 7.29
3.13 3.06 5.82 6 7.24
3.1 3 5.79 6 7.22
3.01 3.02 5.76 6 7.16
3.09 3.04 5.74 6 7.17
3.03 3.09 5.92 6 7.14
3.1 3.06 5.84 6 7.04
2.98 3.03 5.82 6 6.92
3.06 3.01 5.71 6 6.79
2.98 2.99 5.58 6 6.71
3.08 3.01 5.45 6 6.61
2.99 2.96 5.3 6 6.51
3.03 2.97 5.33 6 6.66
3.12 2.94 5.42 6 6.79
3.05 2.92 5.35 6 6.69
3.24 2.95 5.36 6 6.7
2.91 3 5.28 6 6.62
2.97 3.03 5.24 6 6.63
2.97 3.06 5.42 6 6.73
3.04 3.07 5.54 6 6.87
2.96 3.09 5.7 6 6.92
3.03 3.1 5.67 6 6.94
2.98 3.12 5.82 6 6.99
3.09 3.12 5.8 6 6.95
2.92 3.1 5.75 6 6.86
2.94 3.05 5.77 6 6.97
2.99 3.05 5.81 6 6.95
2.99 3.05 5.73 6 6.94
