23293.14
26409.22
26292.04
26111.25
25789.62
23290.96
24120.75
22335.87
23916.44
25222.28
22687.35
22983.77
22023.05
21338.81
19345.95
17390.71
18347.75
15951.73
15910.28
18061.12
17399.08
16767.4
17683.65
16924.95
17023.78
16953.35
18591.45
20919.18
20552.35
19590
20380.14
21026.6
20105.71
19702.97
16406.54
17417.24
20229.12
19997.2
19111.92
19725.25
20973.59
20643.93
20449.39
20628.53
19563.81
19989.6
19075.62
19723.06
18649.82
17053.43
16139.95
16806.75
15436.79
14517.4
16677.53
18117.22
17913.06
17654.64
18744.42
19868.15
20812.74
20125.37
21406.85
22041.3
21956.19
22530.75
20692.83
20166.9
21556.4
20466.86
21020.36
19361.35
18330.01
18557
18003.4
19151.12
20068.81
20604.96
20331.43
18229.42
17887.71
16458.94
16636.26
15258.74
16628.47
16831.67
16527.17
15641.26
15670.78
15830.27
16378.97
14107.89
13406.39
13564.51
14883.7
13842.17
14499.25
14367.54
15836.59
16701.53
16111.65
17529.74
17861.86
17436.56
17605.46
17942.08
18558.23
18934.34
19539.7
19959.52
20337.32
17973.7
16332.45
17411.05
15727.49
16861.26
15747.26
14539.6
14648.51
13785.69
13843.55
12883.54
12999.7
13934.32
13262.14
12969.05
11860.77
10713.51
9774.68
10366.34
10697.44
10542.62
