2.07
2.17
2.17
2.07
2.12
2.05
2.1
2.07
2.1
2.14
2.12
2.05
2.07
2.12
2.16
2.17
2.14
2.01
2.02
2.1
2.12
2.13
2.16
2.09
2.15
2.11
2.11
2.05
2.11
2.17
2.11
2.07
2.16
2.01
2.21
2.08
2.08
2.12
2.03
2.14
2.04
2.17
2.09
2.11
2
1.95
2.14
2.09
2.09
2.03
2.07
2.17
2.01
1.94
2.08
2.17
2.07
2.18
1.96
2.14
2.11
2.11
2.1
2.14
2.1
2.06
2.13
1.99
2.07
1.96
2.02
1.92
1.86
1.9
1.89
2.01
1.93
1.88
1.92
1.94
2.01
1.94
1.94
1.92
1.89
2.02
2.01
1.97
1.97
1.89
2.03
2.03
1.98
1.97
2.02
2.03
2.06
2.1
2.07
1.86
1.99
2.01
2.07
2.11
2.08
2.08
2.08
2.07
2.13
2.1
2.08
2.09
2.09
2.05
2.02
2.1
1.99
2.11
2.18
2.07
2.09
2.03
2.01
2.08
2.09
1.98
2.02
2.08
2.08
2.03
2.02
2.09
2.04
1.96
1.96
2.05
1.98
1.94
1.97
2
2.02
1.96
2.03
2
1.98
1.96
1.9
1.98
1.99
1.98
1.97
1.98
1.94
1.93
2
2.03
1.95
1.96
1.98
2.05
1.97
2.01
1.95
1.89
1.94
2
2.01
1.93
2
2.01
1.89
1.93
1.83
1.9
1.85
1.93
1.95
1.93
1.95
1.92
1.9
1.88
1.88
1.84
2.03
1.97
1.94
1.87
1.91
1.85
1.78
1.83
1.84
1.81
1.89
1.88
1.81
1.83
1.9
1.87
1.9
1.93
1.9
1.72
1.89
1.85
1.85
1.96
1.88
1.76
1.8
1.73
1.67
1.72
1.76
1.76
1.8
1.72
1.87
1.8
1.85
1.71
1.74
1.86
1.88
1.78
1.74
1.83
1.82
1.82
1.8
1.87
1.92
1.91
1.75
1.9
1.82
1.77
1.85
1.83
1.83
1.89
1.87
1.9
1.81
1.83
1.85
1.78
1.79
1.75
1.88
1.71
1.8
1.79
1.66
1.74
1.63
1.73
1.75
1.79
1.72
1.84
1.84
1.82
1.82
1.73
1.75
1.85
1.65
1.79
1.81
1.66
1.76
1.71
1.76
1.81
